A	C	G	T
0.0	0.0	-0.0	-0.00331920017745
-0.0	0.0	-0.0	0.00692410897173
-0.0	-0.0	0.0302177881067	0.0
0.0	0.0410911912968	-0.0	-0.0
0.0	-0.0	0.0	-0.0737469227895
-0.0	0.0	0.0684786160416	-0.0
0.0659619809095	-0.0	0.0	-0.0
-0.0	0.0	0.0	-0.0868313982976
-0.0	0.0	0.0	-0.0160016729249
-0.0	0.0	0.0	-0.0103383410297
-0.0	0.0	0.0342075578633	-0.0
0.0	0.0	0.0	-0.061547954758
-0.0	0.0	0.0	-0.101209995867
0.0	-0.0	0.0431534725593	-0.0
-0.0120524048399	0.0	0.0	-0.0
-0.0	0.0381706991382	-0.0	-0.0
-0.0	-0.0229300104626	0.0	0.0
-0.0	-0.00178254839611	0.0	-0.0
-0.0	0.0	0.0182752419875	0.0
-0.052254596821	-0.0	0.0	-0.0
-0.0	0.0	0.0	-0.0134809900059
-0.0397980780662	0.0	-0.0	0.0
-0.059634572934	-0.0	0.0	0.0
-0.0240445467261	0.0	0.0	-0.0
-0.025990144445	0.0	0.0	-0.0
-0.0557720590888	0.0	0.0	-0.0
-0.0370004932698	0.0	0.0	-0.0
-0.0	0.0	0.0	-0.012916098413
-0.0	0.0	0.00129333810393	-0.0
-0.0	0.0	-0.0200293495681	0.0
-0.0	0.0	0.0270176856931	-0.0
0.00505691623507	0.0	0.0	-0.0
0.0	-0.0172056832413	0.0	-0.0
0.0	-0.0	0.0	-0.0148148933289
-0.0	0.0	-0.0	-0.0259773315374
-0.0	0.0	0.0	-0.0239902229689
-0.0337816353551	0.0	0.0	-0.0
-0.0276538226218	0.0	0.0	-0.0
0.0	-0.0	-0.0214686880701	0.0
0.0	-0.0516442518103	0.0	-0.0
-0.0	-0.00319163558765	0.0	-0.0
-0.0	0.0	0.0	-0.020192095002
-0.0	0.0357490328467	0.0	-0.0
-0.0	0.0	-0.0213049505349	0.0
0.0	-0.0224727011143	0.0	-0.0
-0.0	0.0	0.0	-0.0312846854824
-0.0	0.0	0.0232857607997	-0.0
0.0	-0.0	0.0147767550606	-0.0
-0.0	0.0345568029226	0.0	-0.0
-0.00564305386064	0.0	0.0	-0.0
-0.0	0.0	0.0	-0.0307395400907
-0.0	0.0	0.00581790218705	0.0
-0.0	0.0125422884756	0.0	0.0
-0.0122153758027	0.0	0.0	-0.0
-0.0	-0.0100136080205	0.0	-0.0
-0.0443039866377	0.0	0.0	0.0
-0.0	0.0	0.0	-0.0425075244708
-0.0527414448884	0.0	0.0	-0.0
-0.0229680039927	0.0	0.0	-0.0
-0.0	-0.0	0.0	-0.0119176847887
-0.0	0.0	0.0	0.0124152854446
-0.0	0.0	0.0	-0.0208020489496
-0.0	0.0	-0.00778289767416	-0.0
-0.0	-0.0	0.0	-0.0356342248304
0.0193364589311	0.0	-0.0	-0.0
0.0	-0.0	0.0184970854954	-0.0
0.0	-0.0	-0.0	-0.025466892395
0.0	-0.0	-0.0	-0.00221453490415
-0.0	0.0	0.0	-0.0758150093286
-0.0	0.0	0.0	-0.081399866766
0.0	0.0	-0.0	-0.0365820681617
-0.0	0.0	-0.0314533511622	0.0
-0.0	0.0	-0.000351995137039	-0.0
