A	C	G	T
0.0	0.0	-0.0	-0.070818295375
-0.0	0.0	0.0	-0.0892762423861
-0.0	-0.0	0.035636752685	-0.0
0.0	-0.295869229449	0.0	-0.0
0.0	-0.0	-0.0	0.122406322715
-0.0	0.0	0.127768353877	-0.0
0.147159392112	-0.0	0.0	-0.0
0.0	-0.0	-0.0	0.125142902982
-0.0	-0.0	0.0	0.0395647802772
-0.0	-0.0	-0.0	0.0982240807982
0.0	-0.0	-0.129464694828	-0.0
0.0	-0.0	-0.0	0.023805843821
-0.0	-0.0	0.0	0.0624789864378
0.0	-0.0	0.0534704250092	-0.0
-0.00919139491135	0.0	-0.0	-0.0
-0.0	0.0716986379912	-0.0	0.0
0.0	0.00192443419589	0.0	-0.0
0.0	0.0300408916558	-0.0	-0.0
-0.0	0.0	-0.0737531743186	-0.0
0.0583235644656	0.0	-0.0	-0.0
0.0	-0.0	-0.0	0.0724573553848
-0.0237735877141	0.0	0.0	-0.0
0.0443712847954	-0.0	-0.0	0.0
-0.0663770545569	-0.0	-0.0	0.0
0.0216118710439	-0.0	-0.0	0.0
-0.0891620229318	0.0	0.0	0.0
0.07679028935	-0.0	-0.0	-0.0
-0.0	-0.0	0.0	0.0334454529703
-0.0	0.0	0.064733540456	-0.0
-0.0	-0.0	0.0830787659771	-0.0
-0.0	-0.0	0.100550082945	-0.0
-0.0662345677333	-0.0	0.0	0.0
-0.0	-0.00471166515286	-0.0	0.0
0.0	-0.0	-0.0	0.0215115717099
0.0	-0.0	-0.0	0.109587391889
0.0	-0.0	-0.0	-0.00343903067641
0.0639271912394	-0.0	0.0	-0.0
0.0215741806984	-0.0	0.0	-0.0
0.0	-0.0	0.00675706820832	0.0
0.0	-0.00645661801354	0.0	-0.0
0.0	0.0109217217779	-0.0	-0.0
0.0	0.0	-0.0	-0.0132878749522
-0.0	0.0279009655455	-0.0	0.0
-0.0	0.0	-0.0481527520381	0.0
0.0	-0.0849803251069	0.0	-0.0
0.0	-0.0	0.0	-0.00278421967214
-0.0	0.0	-0.0222349223905	0.0
0.0	-0.0	-0.035107121339	0.0
-0.0	-0.0293456226701	0.0	0.0
0.0420655690804	-0.0	0.0	-0.0
-0.0	-0.0	-0.0	0.0873408053477
-0.0	0.0	-0.00320696171053	0.0
-0.0	0.00627552233438	0.0	-0.0
-0.0491466519224	0.0	-0.0	0.0
-0.0	-0.000668630692892	0.0	-0.0
0.0526237048349	-0.0	0.0	-0.0
-0.0	-0.0	-0.0	0.0747017525299
-0.0627902009734	0.0	0.0	-0.0
0.0632540337208	-0.0	-0.0	0.0
0.0	-0.0	-0.0	-0.0345438739094
0.0	-0.0	0.0	-0.0235196257724
-0.0	0.0	0.0	-0.0292096857521
0.0	-0.0	-0.141396905806	-0.0
0.0	-0.0	0.0	-0.0244624560865
-0.162108335306	-0.0	0.0	0.0
0.0	-0.0	-0.0296961292422	0.0
-0.0	0.0	0.0	-0.00661006575295
0.0	0.0	-0.0	-0.016724639869
0.0	-0.0	-0.0	0.0756047418089
0.0	-0.0	-0.0	0.0342696655329
0.0	0.0	-0.0	0.0257288224014
-0.0	-0.0	0.0506317060856	0.0
0.0	-0.0	0.0333672558731	-0.0
