A	C	G	T
-0.0	0.0	-0.0	-0.01165962463
0.0	0.0	-0.0	-0.10136918573
-0.0	0.0	-0.0112700969348	-0.0
0.0	-0.0247038622825	-0.0	-0.0
0.0	0.0	0.0	-0.133624517913
0.0	0.0	-0.0279562864087	-0.0
-0.111733818894	0.0	0.0	0.0
-0.0	0.0	0.0	-0.149828473561
-0.0	0.0	0.0	-0.186362165391
-0.0	0.0	0.0	-0.102247785078
-0.0	0.0	0.0524093892237	-0.0
-0.0	0.0	0.0	-0.10937205407
-0.0	0.0	0.0	-0.0772183444308
-0.0	0.0	0.0504071595927	-0.0
-0.0261176569199	0.0	-0.0	-0.0
0.0	0.0635923910467	0.0	-0.0
-0.0	0.0149729839374	0.0	-0.0
-0.0	0.0852001941879	0.0	-0.0
-0.0	0.0	0.0516298638586	-0.0
-0.100213606774	0.0	0.0	-0.0
-0.0	0.0	0.0	-0.138780136766
-0.0850954710005	0.0	0.0	-0.0
-0.155787000484	0.0	0.0	-0.0
-0.14914953843	0.0	0.0	-0.0
-0.0886872590935	0.0	0.0	-0.0
-0.0833244532853	-0.0	0.0	0.0
-0.0965263031543	0.0	0.0	0.0
-0.0	0.0	0.0	-0.0379470485581
-0.0	0.0	0.0484992276871	-0.0
-0.0	0.0	0.0313282482775	0.0
-0.0	0.0	0.0269836956878	-0.0
-0.0535638362899	0.0	-0.0	-0.0
-0.0	0.0391028486706	0.0	-0.0
-0.0	0.0	0.0	-0.0635067990171
-0.0	0.0	0.0	-0.112614519335
-0.0	0.0	0.0	-0.0792368009523
-0.0893198881615	0.0	0.0	-0.0
-0.035506977614	0.0	0.0	-0.0
-0.0	0.0	0.0540185894122	-0.0
-0.0	-0.00838839105558	0.0	-0.0
-0.0	0.061937948482	0.0	-0.0
-0.0	0.0	0.0	-0.00267530346575
-0.0	0.0540102963737	0.0	0.0
-0.0	0.0	0.0343388937263	-0.0
-0.0	0.0705920388287	0.0	-0.0
-0.0	0.0	0.0	-0.0272529783624
-0.0	0.0	0.0470490281106	-0.0
-0.0	-0.0	0.048465777118	-0.0
-0.0	0.0543196056031	0.0	-0.0
-0.0610308556535	0.0	0.0	0.0
-0.0	0.0	0.0	-0.0399902496531
-0.0	0.0	0.0506132000358	-0.0
-0.0	0.0230491585853	0.0	-0.0
-0.0319102509071	0.0	0.0	-0.0
-0.0	0.0739996013279	0.0	-0.0
0.0394425333745	0.0	0.0	-0.0
-0.0	0.0	0.0	-0.0561223269349
-0.0495449544975	0.0	0.0	-0.0
-0.0858950740311	0.0	0.0	-0.0
-0.0	0.0	0.0	-0.066070850604
-0.0	0.0	0.0	-0.0819180025413
-0.0	0.0	0.0	-0.0234919278082
-0.0	0.0	0.0524592862393	-0.0
-0.0	0.0	0.0	-0.119170394382
0.0283504341948	0.0	-0.0	-0.0
-0.0	0.0	0.0400311084113	-0.0
0.0	0.0	-0.0	-0.108277644659
0.0	0.0	0.0	-0.104351903245
-0.0	0.0	0.0	-0.0824062767556
-0.0	0.0	0.0	-0.0704714744741
-0.0	0.0	-0.0	-0.0603163196779
0.0	0.0	-0.0248881165215	-0.0
-0.0	0.0	0.0108749990885	-0.0
